122819079
122819335
122819591
122819847
122820103
122820359
122876935
122877191
122877447
122877703
122877959
122878215
122936327
122952711
123076359
123076615
123076871
123077127
123077383
123077639
123077895
123078151
123078407
123078663
123079175
123079431
123079687
123079943
123080199
123080455
123080711
123080967
123103495
123103751
123104007
123104263
123104519
123104775
123105031
123105287
123105543
123105799
123106311
123106567
123106823
123107079
123107335
123107591
123107847
123108103
123130631
123130887
123131143
123131399
123131911
123132167
123132423
123132679
123132935
123133191
123133447
123133703
123133959
123134215
123134727
123134983
123135239
123135495
123141383
123141895
123142151
123142407
123142663
123142919
123143175
123143431
123143687
123143943
123144199
123144455
123144711
123144967
123145479
123145735
123145991
123146247
123282439
123282695
123282951
123283463
123283719
123283975
123284231
123284743
123284999
123285255
123285511
123286791
123287047
123337223
123337479
123337735
123338247
123338503
123338759
123339015
123339271
123339527
123339783
123340039
123340295
123340551
123341575
123341831
123392263
123392519
123393287
123393543
123393799
123394055
123394567
123395079
123396871
123397127
123397383
123397639
123397895
123405319
123405575
123405831
123406343
123406599
123406855
123407111
123407367
123407623
123407879
123408135
123408391
123409671
123409927
123410183
123410439
123410695
123410951
15799042
15799298
15799554
15799810
15800834
15801602
15801858
15802370
15803394
15808002
15808258
17155586
17155842
17156354
17156610
17156866
17157122
17157378
17157634
17157890
17159426
17159938
17160450
17935618
17936386
17937410
17955586
17959938
17963778
17964034
17964290
17964546
19079938
19080194
19080450
19080706
19092482
19130114
22574850
23890690
23892482
23892738
23893506
23893762
23896578
23897090
23897346
23901186
23901698
23904514
23904770
24211714
24211970
24212226
24569346
24569858
24570114
24570370
24571906
24572674
24572930
24573186
24573442
24580610
24580866
24582146
24972546
24972802
24976642
24988930
24989442
24990210
25954562
25954818
25955074
25955586
25956098
25967874
25976322
25976578
25995522
25996546
25996802
26006786
26007042
26007298
26007554
26304770
26305282
26305794
26312450
27333634
27592194
27592450
27592706
27592962
27593218
27593730
27593986
27594242
27595778
27596034
27596546
27596802
27597058
27601154
27731714
27732994
28185602
28186114
28186370
28186626
28186882
28187906
28188162
28188418
28188674
28188930
28189186
28189442
28189954
28190210
28190466
28570114
28570370
28570626
28571138
28573442
28573698
28574210
28575746
28576002
28576258
29093634
29122562
29123074
29123586
29124098
30049026
30059778
30060290
30412290
30435074
30514690
30522626
30526978
30884354
31174668
31517442
31769346
31775234
32469250
32471554
32502274
32567554
32567810
32568066
32568322
32568578
32568834
32569090
32582146
32582402
32589570
32590082
32590594
32606210
32606722
32606978
32607234
32607746
32937218
32940802
32984588
32984844
32985100
32985356
32985612
32985868
32986124
32986380
32986636
32986892
33069058
33155074
33155330
33156098
33158658
33158914
33160706
33160962
33162754
33163010
33163266
33163522
33163778
33164034
33164290
33405196
33490434
33530370
33530882
33531650
33532418
33533186
33533442
33533954
33536258
33536770
33537282
33537538
33537794
35343874
35357954
35378946
35379458
35379714
35381506
35385858
35386370
35386882
35387906
35388162
35388418
35388674
35388930
35389186
35389442
35908364
35908620
35908876
35909132
35909388
35909644
35909900
35910156
35916556
35916812
35917068
35917324
35917580
35917836
35918092
35918348
35918604
35918860
35919116
35919372
35919628
35919884
35920140
35920396
35920652
35920908
35921164
35921420
35921676
35921932
35945986
35946242
35946754
35947522
36011778
36012034
36047116
36047372
36047628
36047884
36048140
36048396
36048652
36048908
36055308
36055564
36055820
36056076
36056332
36056588
36056844
36057100
36057356
36057612
36057868
36058124
36058380
36058636
36058892
36059148
36059404
36059660
36059916
36060172
36060428
36060684
36078850
36079362
36079874
36244236
36244492
36244748
36245004
36245260
36245516
36245772
36246028
36246284
36246540
36246796
36247052
36247308
36247564
36247820
36248076
36248332
36248588
36248844
36249100
36249356
36249612
36249868
36250124
36250380
36250636
36250892
36251148
36267266
36267522
36267778
36268034
36268290
36268546
36268802
36269314
36270338
36292364
36292620
36292876
36293132
36293388
36293644
36293900
36294156
36294412
36294668
36294924
36295180
36295436
36295692
36295948
36296204
36296460
36296716
36296972
36297228
36297484
36297740
36297996
36298252
36298508
36298764
36299020
36299276
36303628
36303884
36304140
36304396
36304652
36304908
36305164
36305420
36305676
36305932
36306188
36306444
36306700
36306956
36307212
36307468
36332812
36333068
36333324
36333580
36333836
36334092
36334348
36334604
36334860
36335116
36335372
36335628
36335884
36336140
36336396
36336652
36416258
36416514
36417794
36459010
36459522
36459778
36461058
36465154
36465922
36466178
36466690
36467202
36467458
36467714
36467970
36468226
36468482
36468738
36468994
36469250
36502284
36502540
36502796
36503052
36503308
36503564
36503820
36504076
36504332
36504588
37142274
37155842
37156098
37157122
37157378
37157890
37159682
37160194
37160706
37241346
37602306
37607682
37625346
37625602
37625858
37626370
37626626
37627906
37628162
37628674
37628930
37629186
37737730
37738242
37813250
37813762
37814274
37814530
37814786
37815042
37815298
37834242
37834754
37848578
37849090
37849346
37849602
37851906
37852162
37852930
38518274
38518786
38519298
38519554
38519810
38671362
38671874
38672130
38672386
38672642
38672898
38673154
38673666
38673922
38674690
38674946
38675202
38675714
38676226
38676482
38676738
38826498
38826754
38827010
38827266
38828034
38876162
38876418
38876674
38876930
38877698
38880514
38880770
38881026
460547
542467
